8 0.386447 0.803297 0.085714 0.057143
8 0.388645 0.874725 0.090110 0.076923
8 0.395238 0.949451 0.076923 0.063736
22 0.458974 0.803297 0.072527 0.065934
22 0.468864 0.879121 0.074725 0.063736
22 0.462271 0.950549 0.052747 0.070330
25 0.524908 0.797802 0.063736 0.068132
25 0.539194 0.871429 0.061538 0.065934
13 0.602930 0.789011 0.087912 0.076923
13 0.613919 0.868132 0.083516 0.076923
13 0.533700 0.949451 0.081319 0.076923
38 0.672161 0.785714 0.050549 0.092308
38 0.688645 0.867033 0.074725 0.065934
38 0.601831 0.947253 0.063736 0.090110
25 0.671062 0.939560 0.065934 0.061538