9 0.288571 0.800317 0.089524 0.057143
22 0.367619 0.796508 0.064762 0.064762
25 0.444762 0.794603 0.070476 0.064762
25 0.408571 0.865079 0.066667 0.064762
22 0.330476 0.868889 0.066667 0.064762
9 0.249524 0.869841 0.060952 0.066667
14 0.607619 0.787937 0.087619 0.055238
14 0.569524 0.861270 0.068571 0.060952
37 0.690476 0.779365 0.066667 0.053333
37 0.646667 0.846984 0.070476 0.059048
37 0.720000 0.846984 0.072381 0.066667
37 0.768571 0.779365 0.062857 0.053333
47 0.811429 0.834603 0.080000 0.057143
28 0.525714 0.788889 0.057143 0.060952
28 0.485714 0.863175 0.060952 0.060952