20 0.618833 0.088160 0.082368 0.037323
20 0.623981 0.333977 0.077220 0.034749
20 0.628486 0.592021 0.073359 0.036036
20 0.632347 0.842986 0.070785 0.033462
4 0.630416 0.805663 0.069498 0.036036
4 0.626555 0.552767 0.054054 0.037323
4 0.625268 0.299228 0.064350 0.034749
4 0.618833 0.052124 0.072072 0.032175
15 0.623981 0.123552 0.072072 0.030888
15 0.625268 0.371300 0.066924 0.037323
15 0.627842 0.628057 0.064350 0.036036
15 0.633634 0.879022 0.068211 0.033462
33 0.623981 0.156371 0.072072 0.032175
33 0.622694 0.409266 0.069498 0.030888
33 0.623981 0.664093 0.072072 0.036036
33 0.633634 0.913771 0.073359 0.033462
38 0.630416 0.949807 0.066924 0.036036
38 0.626555 0.700772 0.064350 0.034749
38 0.622694 0.442085 0.064350 0.034749
38 0.623338 0.190476 0.065637 0.030888