38 0.049128 0.626722 0.035813 0.071625
38 0.298439 0.619835 0.033058 0.074380
38 0.554637 0.618457 0.038567 0.066116
38 0.803949 0.618457 0.035813 0.060606
33 0.083563 0.626722 0.033058 0.071625
33 0.337006 0.618457 0.033058 0.077135
33 0.590450 0.614325 0.033058 0.074380
33 0.839761 0.621212 0.030303 0.071625
15 0.118560 0.628291 0.029250 0.067860
15 0.371865 0.621271 0.035100 0.067860
15 0.626926 0.617176 0.032760 0.073710
15 0.876721 0.620686 0.031590 0.071370
4 0.192855 0.628291 0.032760 0.063180
4 0.443820 0.627121 0.031590 0.056160
4 0.700051 0.622441 0.036270 0.056160
4 0.947506 0.613666 0.039780 0.071370
20 0.157755 0.627121 0.028080 0.065520
20 0.408720 0.625951 0.031590 0.067860
20 0.661441 0.621856 0.031590 0.066690
20 0.912406 0.620101 0.035100 0.074880