38 0.383955 0.444015 0.065637 0.033462
38 0.380738 0.191120 0.069498 0.034749
38 0.383312 0.700129 0.069498 0.038610
38 0.378164 0.950450 0.069498 0.032175
33 0.379451 0.915058 0.066924 0.033462
33 0.382668 0.662806 0.073359 0.030888
33 0.387816 0.406049 0.065637 0.034749
33 0.382668 0.155727 0.073359 0.033462
15 0.376233 0.878378 0.070785 0.034749
15 0.380094 0.626770 0.068211 0.033462
15 0.383312 0.371300 0.069498 0.037323
15 0.382025 0.120978 0.066924 0.036036
20 0.372372 0.841699 0.073359 0.033462
20 0.379451 0.590734 0.077220 0.033462
20 0.380738 0.335907 0.064350 0.033462
20 0.380094 0.084299 0.068211 0.034749
4 0.373016 0.804376 0.072072 0.038610
4 0.378164 0.551480 0.059202 0.039897
4 0.383312 0.297941 0.069498 0.034749
4 0.387816 0.049550 0.065637 0.032175