0 0.174035 0.453930 0.048272 0.049119
6 0.231623 0.436992 0.033028 0.052507
20 0.291328 0.423018 0.066057 0.041497
33 0.358655 0.394648 0.053354 0.049119
8 0.229929 0.495003 0.049966 0.044885
24 0.287940 0.473408 0.049119 0.049119
31 0.345105 0.454353 0.055047 0.049966
0 0.651423 0.380081 0.050813 0.048780
6 0.707317 0.396341 0.040650 0.040650
20 0.767888 0.402705 0.059337 0.044503
33 0.841623 0.411431 0.042757 0.047993
8 0.680192 0.437173 0.047993 0.045375
24 0.745201 0.448517 0.047120 0.045375
31 0.801047 0.459424 0.047120 0.049738