0 0.175437 0.453025 0.046919 0.045084
6 0.234511 0.439936 0.032723 0.042176
19 0.293048 0.422120 0.056719 0.042903
33 0.359220 0.394852 0.049447 0.049447
8 0.229785 0.492292 0.049447 0.045084
24 0.287188 0.473899 0.052356 0.048506
31 0.344164 0.454650 0.049276 0.051586
0 0.651755 0.379581 0.048506 0.043117
6 0.706806 0.390745 0.036957 0.045427
20 0.768787 0.403449 0.057746 0.044657
33 0.841161 0.414229 0.045427 0.049276
8 0.679858 0.437712 0.049276 0.046966
24 0.742994 0.448491 0.046196 0.048506
31 0.801509 0.460040 0.047736 0.050046