0 0.061562 0.167310 0.118404 0.211068
1 0.211497 0.161519 0.127413 0.230373
2 0.402617 0.185328 0.144144 0.272844
6 0.577649 0.131274 0.144144 0.262548
5 0.757829 0.153153 0.144144 0.301158
39 0.930395 0.155084 0.139210 0.299871
0 0.052553 0.468468 0.102960 0.231660
1 0.227585 0.478764 0.131274 0.254826
2 0.404547 0.472973 0.132561 0.202059
3 0.577006 0.463320 0.160875 0.200772
4 0.762977 0.492921 0.157014 0.234234
4 0.935435 0.474903 0.108108 0.213642
4 0.929000 0.805663 0.126126 0.231660
4 0.759760 0.787001 0.150579 0.232947
3 0.585371 0.781210 0.138996 0.213642
2 0.405834 0.774131 0.142857 0.243243
1 0.220506 0.793436 0.145431 0.227799
0 0.063599 0.790862 0.127198 0.243243