0 0.063492 0.478121 0.122265 0.225225
0 0.060382 0.146718 0.120764 0.211068
0 0.053303 0.793436 0.106606 0.217503
1 0.225011 0.792793 0.113256 0.211068
1 0.230802 0.471686 0.137709 0.202059
1 0.232733 0.160875 0.154440 0.249678
2 0.404547 0.180180 0.148005 0.257400
2 0.403260 0.477477 0.135135 0.216216
2 0.410982 0.800515 0.181467 0.208494
3 0.575719 0.790862 0.148005 0.204633
3 0.587945 0.477477 0.159588 0.190476
6 0.591163 0.128700 0.142857 0.257400
5 0.770056 0.148649 0.160875 0.294723
39 0.936722 0.148005 0.126126 0.293436
4 0.759760 0.473616 0.132561 0.226512
4 0.941227 0.468468 0.114543 0.211068
4 0.764264 0.790219 0.141570 0.216216
4 0.936830 0.785714 0.126340 0.209781