9 0.105320 0.097812 0.149292 0.128700
12 0.244959 0.106821 0.129987 0.108108
14 0.376877 0.103604 0.123552 0.119691
10 0.504933 0.102960 0.129987 0.108108
8 0.632347 0.095882 0.127413 0.132561
0 0.761047 0.093951 0.127413 0.131274
0 0.891677 0.100386 0.133848 0.113256
1 0.102102 0.253539 0.135135 0.105534
2 0.238524 0.254826 0.124839 0.097812
3 0.364650 0.251609 0.119691 0.104247
3 0.492063 0.243243 0.124839 0.115830
4 0.625268 0.249678 0.120978 0.123552
4 0.755899 0.252252 0.127413 0.126126
6 0.883312 0.239382 0.122265 0.128700
5 0.103389 0.402188 0.140283 0.132561
29 0.232733 0.406692 0.097812 0.102960
31 0.338910 0.410553 0.104247 0.126126
32 0.455384 0.407336 0.095238 0.124839
23 0.565423 0.406692 0.114543 0.113256
18 0.676105 0.400901 0.109395 0.117117
22 0.786787 0.407336 0.106821 0.127413
19 0.906478 0.406692 0.129987 0.113256
20 0.096311 0.563063 0.118404 0.129987
20 0.212784 0.559846 0.106821 0.126126
28 0.329258 0.563063 0.100386 0.122265
24 0.442514 0.560489 0.100386 0.111969
26 0.554483 0.563707 0.113256 0.113256
24 0.667739 0.561776 0.092664 0.117117
25 0.788074 0.573359 0.106821 0.140283
27 0.097598 0.711068 0.108108 0.127413
25 0.897469 0.556628 0.106821 0.135135
25 0.216645 0.705277 0.109395 0.133848
18 0.333119 0.713642 0.113256 0.140283
36 0.441870 0.711712 0.104247 0.128700
36 0.559631 0.731017 0.118404 0.149292
36 0.672887 0.729730 0.113256 0.162162
37 0.788074 0.712355 0.111969 0.132561
37 0.899399 0.725225 0.108108 0.137709
37 0.095667 0.886100 0.111969 0.148005
35 0.214715 0.870656 0.097812 0.122265
38 0.330545 0.875161 0.097812 0.118404
38 0.443801 0.884170 0.108108 0.144144
38 0.557057 0.893179 0.102960 0.159588
33 0.666452 0.880952 0.113256 0.129987
33 0.785500 0.874517 0.117117 0.122265
39 0.901973 0.874517 0.128700 0.117117