9 0.109824 0.101030 0.132561 0.111969
1 0.103389 0.250965 0.137709 0.110682
1 0.762334 0.101673 0.124839 0.110682
12 0.242385 0.098456 0.117117 0.109395
2 0.241742 0.252896 0.126126 0.111969
14 0.375590 0.102960 0.144144 0.115830
10 0.504933 0.098456 0.119691 0.106821
3 0.369155 0.256113 0.126126 0.113256
3 0.499785 0.259974 0.127413 0.126126
4 0.631060 0.254183 0.124839 0.114543
4 0.755899 0.243887 0.117117 0.114543
0 0.894895 0.100386 0.137709 0.126126
8 0.628486 0.104247 0.119691 0.118404
6 0.886529 0.247104 0.123552 0.133848
5 0.107250 0.405405 0.145431 0.120978
29 0.228872 0.410553 0.100386 0.110682
31 0.344058 0.408623 0.101673 0.109395
32 0.452166 0.403475 0.101673 0.114543
23 0.564779 0.409266 0.108108 0.118404
18 0.674818 0.403475 0.109395 0.111969
22 0.788074 0.409266 0.111969 0.113256
19 0.899399 0.403475 0.115830 0.117117
20 0.092450 0.563063 0.131274 0.122265
20 0.216002 0.563063 0.110682 0.114543
28 0.329258 0.564994 0.105534 0.120978
24 0.443157 0.562420 0.106821 0.113256
26 0.555127 0.560489 0.111969 0.117117
24 0.669670 0.563063 0.106821 0.117117
25 0.780995 0.563063 0.097812 0.111969
25 0.899399 0.564350 0.118404 0.111969
27 0.090519 0.712999 0.106821 0.118404
27 0.217289 0.719434 0.092664 0.105534
34 0.327971 0.719434 0.102960 0.120978
36 0.439940 0.718147 0.100386 0.128700
36 0.555127 0.725225 0.111969 0.127413
36 0.672887 0.732304 0.113256 0.146718
37 0.784213 0.722651 0.096525 0.124839
37 0.898112 0.726512 0.110682 0.140283
37 0.093737 0.887387 0.115830 0.158301
35 0.216645 0.878378 0.101673 0.122265
38 0.329258 0.879022 0.105534 0.110682
38 0.441227 0.883526 0.108108 0.132561
38 0.553840 0.890605 0.106821 0.144144
33 0.670313 0.879022 0.115830 0.136422
33 0.782926 0.871300 0.111969 0.136422
39 0.904547 0.881596 0.128700 0.115830