1 0.131703 0.410553 0.078507 0.066924
1 0.224367 0.415701 0.078507 0.069498
1 0.312527 0.419562 0.077220 0.072072
1 0.574432 0.414414 0.083655 0.061776
5 0.400043 0.413127 0.082368 0.074646
0 0.481124 0.411197 0.072072 0.068211
2 0.661304 0.411840 0.069498 0.056628
6 0.749464 0.409266 0.086229 0.082368
39 0.851780 0.407336 0.120978 0.083655
34 0.167739 0.525097 0.088803 0.072072
33 0.258473 0.528314 0.082368 0.068211
35 0.349206 0.528958 0.070785 0.072072
37 0.438009 0.530888 0.073359 0.068211
36 0.525525 0.529601 0.065637 0.065637
18 0.605320 0.527671 0.070785 0.066924
20 0.680609 0.525097 0.079794 0.072072
19 0.758473 0.527671 0.070785 0.072072
22 0.834406 0.525097 0.081081 0.077220
28 0.175461 0.646075 0.096525 0.082368
23 0.283569 0.648649 0.081081 0.072072
29 0.389103 0.649936 0.081081 0.069498
23 0.497211 0.648005 0.081081 0.073359
31 0.602746 0.646718 0.083655 0.075933
32 0.714071 0.648005 0.087516 0.070785
30 0.817031 0.647362 0.087516 0.074646
28 0.231446 0.770914 0.084942 0.087516
28 0.344058 0.772201 0.088803 0.087516
24 0.445088 0.763192 0.079794 0.084942
24 0.552553 0.768340 0.073359 0.069498
26 0.658730 0.764479 0.084942 0.074646
25 0.769412 0.765122 0.084942 0.075933
9 0.236594 0.890605 0.097812 0.069498
8 0.347919 0.891892 0.096525 0.069498
10 0.450236 0.890605 0.084942 0.072072
14 0.558988 0.887387 0.101673 0.075933
12 0.666452 0.888674 0.087516 0.073359
16 0.771343 0.902188 0.099099 0.087516