1 0.129773 0.415058 0.084942 0.070785
1 0.221150 0.418275 0.069498 0.069498
1 0.308022 0.420849 0.068211 0.064350
1 0.573788 0.415058 0.079794 0.063063
6 0.750751 0.407336 0.081081 0.073359
16 0.771343 0.895109 0.086229 0.101673
33 0.259116 0.527671 0.078507 0.072072
34 0.169026 0.526384 0.078507 0.072072
35 0.349850 0.527027 0.069498 0.073359
37 0.438653 0.530245 0.072072 0.061776
36 0.524882 0.527027 0.069498 0.068211
18 0.607250 0.525740 0.069498 0.070785
20 0.682540 0.527027 0.083655 0.073359
19 0.758473 0.527671 0.068211 0.072072
22 0.830545 0.528958 0.075933 0.074646
39 0.852424 0.409910 0.109395 0.078507
2 0.662591 0.408623 0.072072 0.065637
0 0.489489 0.409910 0.083655 0.068211
5 0.400043 0.411840 0.082368 0.066924
28 0.170957 0.644144 0.087516 0.078507
23 0.280352 0.648649 0.064350 0.072072
29 0.389747 0.646718 0.092664 0.078507
31 0.604676 0.650579 0.084942 0.073359
32 0.710854 0.650579 0.081081 0.070785
30 0.818318 0.647362 0.084942 0.079794
23 0.497855 0.648649 0.082368 0.072072
28 0.235307 0.769627 0.077220 0.087516
28 0.338910 0.771557 0.073359 0.093951
24 0.446375 0.765766 0.077220 0.079794
24 0.552553 0.767053 0.099099 0.074646
26 0.656800 0.767696 0.078507 0.078507
25 0.773273 0.767053 0.077220 0.077220
9 0.236594 0.886744 0.113256 0.074646
8 0.343415 0.889961 0.102960 0.075933
10 0.452810 0.893822 0.090090 0.073359
14 0.556414 0.889961 0.083655 0.070785
12 0.665165 0.888674 0.082368 0.073359