1 0.712141 0.064350 0.093951 0.077220
1 0.396182 0.227156 0.095238 0.083655
1 0.073145 0.063063 0.092664 0.095238
1 0.178679 0.070142 0.092664 0.088803
1 0.288717 0.072716 0.101673 0.088803
0 0.609181 0.066924 0.099099 0.077220
0 0.284856 0.231017 0.093951 0.093951
2 0.820249 0.065637 0.101673 0.090090
2 0.496568 0.230373 0.087516 0.095238
6 0.392964 0.064350 0.088803 0.102960
5 0.495924 0.063707 0.096525 0.099099
4 0.075719 0.225225 0.097812 0.084942
4 0.184470 0.229730 0.086229 0.073359
3 0.925139 0.069498 0.102960 0.092664
3 0.606607 0.227156 0.109395 0.088803
4 0.712141 0.227799 0.096525 0.095238
4 0.813170 0.225225 0.095238 0.090090
39 0.921922 0.222651 0.111969 0.084942
18 0.070571 0.386100 0.087516 0.097812
20 0.183827 0.388674 0.097812 0.087516
22 0.288074 0.391892 0.079794 0.083655
20 0.398112 0.387387 0.104247 0.090090
29 0.501072 0.391248 0.083655 0.100386
29 0.924496 0.385457 0.093951 0.101673
30 0.819605 0.389318 0.097812 0.091377
32 0.707636 0.387387 0.092664 0.095238
31 0.604676 0.391892 0.090090 0.093951
24 0.077649 0.549550 0.099099 0.084942
24 0.181253 0.546976 0.084942 0.095238
27 0.395538 0.546976 0.083655 0.097812
26 0.290648 0.549550 0.090090 0.095238
23 0.506220 0.550193 0.111969 0.096525
23 0.605320 0.550193 0.101673 0.101673
28 0.712784 0.550193 0.095238 0.096525
9 0.820249 0.546332 0.091377 0.088803
8 0.921278 0.550193 0.095238 0.088803
12 0.077649 0.707851 0.109395 0.082368
10 0.296439 0.704633 0.088803 0.086229
14 0.185114 0.710425 0.084942 0.084942
16 0.392964 0.708494 0.088803 0.122265
34 0.506864 0.716860 0.087516 0.095238
35 0.605963 0.716216 0.082368 0.093951
34 0.182540 0.882239 0.092664 0.101673
34 0.287430 0.878378 0.088803 0.096525
34 0.399399 0.877735 0.081081 0.092664
34 0.506220 0.868726 0.099099 0.095238
37 0.708923 0.712999 0.095238 0.084942
33 0.073788 0.875161 0.091377 0.092664
36 0.816388 0.714286 0.070785 0.074646
38 0.923209 0.714286 0.078507 0.082368