0 0.607894 0.063707 0.091377 0.083655
0 0.288717 0.227799 0.101673 0.074646
0 0.071214 0.063707 0.099099 0.083655
0 0.185114 0.064994 0.084942 0.091377
0 0.290648 0.074003 0.095238 0.096525
1 0.396825 0.226512 0.091377 0.082368
1 0.715358 0.062420 0.100386 0.083655
2 0.815744 0.070142 0.084942 0.081081
2 0.497855 0.225225 0.097812 0.090090
6 0.392321 0.066924 0.090090 0.097812
5 0.503646 0.070785 0.101673 0.097812
3 0.932861 0.065637 0.113256 0.079794
4 0.075719 0.225225 0.097812 0.079794
4 0.183183 0.227799 0.091377 0.079794
4 0.716645 0.229730 0.105534 0.081081
4 0.817675 0.227799 0.088803 0.079794
3 0.604676 0.227156 0.092664 0.081081
39 0.925139 0.227799 0.108108 0.090090
18 0.079580 0.385457 0.079794 0.088803
20 0.183827 0.389318 0.092664 0.088803
22 0.287430 0.383526 0.081081 0.087516
20 0.391677 0.387387 0.088803 0.090090
29 0.504933 0.387387 0.096525 0.090090
29 0.922565 0.384813 0.087516 0.095238
31 0.607250 0.385457 0.082368 0.091377
32 0.710210 0.388674 0.084942 0.087516
30 0.814457 0.383526 0.097812 0.105534
24 0.078936 0.547619 0.091377 0.086229
24 0.181253 0.547619 0.090090 0.093951
26 0.287430 0.546976 0.099099 0.090090
27 0.395538 0.545045 0.086229 0.096525
23 0.501072 0.549550 0.096525 0.095238
23 0.605963 0.543758 0.102960 0.106821
28 0.713428 0.549550 0.096525 0.097812
8 0.924496 0.548906 0.111969 0.091377
9 0.818318 0.549550 0.084942 0.090090
12 0.073145 0.709138 0.108108 0.084942
14 0.182540 0.711712 0.095238 0.084942
10 0.293222 0.707851 0.084942 0.084942
16 0.396825 0.711712 0.093951 0.110682
34 0.501072 0.715573 0.081081 0.092664
35 0.607250 0.718790 0.084942 0.086229
34 0.504290 0.875804 0.092664 0.096525
34 0.400043 0.877091 0.087516 0.096525
34 0.286143 0.872587 0.093951 0.092664
34 0.178679 0.879022 0.082368 0.092664
37 0.712141 0.712355 0.081081 0.081081
36 0.814457 0.715573 0.087516 0.077220
38 0.927070 0.717503 0.091377 0.086229
33 0.074432 0.875804 0.100386 0.096525