1 0.055045 0.287801 0.052083 0.080649
1 0.107741 0.286289 0.050858 0.071576
1 0.162275 0.288809 0.048407 0.074600
5 0.213440 0.291834 0.044118 0.064519
6 0.268587 0.284777 0.055147 0.070568
39 0.318525 0.283769 0.052083 0.068552
40 0.370609 0.280240 0.049632 0.067544
0 0.052900 0.403230 0.053922 0.061495
0 0.054432 0.519667 0.050858 0.060487
1 0.109273 0.520676 0.052696 0.054438
1 0.111111 0.402222 0.046569 0.061495
2 0.161356 0.408271 0.045343 0.053430
2 0.160743 0.518659 0.049020 0.062503
3 0.214052 0.517651 0.046569 0.056454
3 0.214665 0.405246 0.049020 0.063511
3 0.266748 0.523700 0.052696 0.052422
3 0.265829 0.408271 0.050858 0.059479
4 0.318832 0.408271 0.051471 0.051414
4 0.320976 0.518659 0.049632 0.056454
28 0.048611 0.760271 0.045343 0.072584
23 0.094261 0.766319 0.043505 0.064519
23 0.377042 0.885277 0.045343 0.056454
29 0.281761 0.887293 0.042279 0.072584
29 0.330780 0.890821 0.041054 0.077625
29 0.236417 0.886789 0.044730 0.067544
29 0.045547 0.884269 0.044118 0.070568
31 0.095486 0.889309 0.042279 0.074600
32 0.142361 0.885781 0.039216 0.071576
30 0.189849 0.887797 0.039828 0.073592
24 0.145118 0.765311 0.039828 0.070568
26 0.190155 0.765311 0.039216 0.068552
24 0.234886 0.766319 0.035539 0.068552
25 0.282067 0.760271 0.040441 0.062503
27 0.374591 0.760775 0.040441 0.065527
27 0.423611 0.763799 0.042892 0.073592
27 0.329861 0.763799 0.041667 0.063511
9 0.541612 0.134220 0.053595 0.068821
8 0.595861 0.129918 0.049673 0.060218
12 0.649782 0.129381 0.054248 0.059143
14 0.701089 0.130456 0.045752 0.067745
10 0.751416 0.126692 0.044444 0.064519
17 0.800763 0.135833 0.045098 0.076348
16 0.852397 0.136370 0.055556 0.073122
34 0.537037 0.437998 0.052288 0.095704
34 0.539651 0.569187 0.039216 0.069896
34 0.585076 0.432621 0.047712 0.082800
34 0.643573 0.446063 0.039216 0.073122
34 0.697495 0.432084 0.046405 0.075273
38 0.740959 0.439611 0.037908 0.077423
38 0.839651 0.443912 0.037908 0.073122
38 0.888671 0.441762 0.047059 0.086026
33 0.791285 0.439611 0.048366 0.073122
33 0.592266 0.568112 0.050327 0.076348
35 0.644227 0.570263 0.039216 0.072047
36 0.694880 0.569725 0.041176 0.073122
36 0.743246 0.568650 0.046405 0.073122
36 0.791285 0.576714 0.040523 0.080649
37 0.838671 0.567574 0.038562 0.066670
37 0.887037 0.570800 0.046405 0.086026
37 0.937037 0.576714 0.039216 0.076348
18 0.535621 0.897600 0.039216 0.064519
20 0.722386 0.903246 0.040196 0.066132
22 0.769444 0.900020 0.042157 0.062906
19 0.675327 0.897600 0.044118 0.064519
20 0.584641 0.896794 0.050980 0.082262